,股票代码,交易日期,freq,开盘价,最高价,最低价,close,昨收价【除权价，前复权】,open_qfq,high_qfq,low_qfq,close_qfq,open_hfq,high_hfq,low_hfq,close_hfq,成交量,成交额（千元）,涨跌额,涨跌幅 【基于除权后的昨收计算的涨跌幅：（今收-除权昨收）/除权昨收 】
0,605005.SH,20250620,week,18.37,18.58,17.42,17.49,18.41,18.16,18.37,17.42,17.49,19.1,19.32,18.32,18.4,202276.51,366828.16,-0.92,-0.05
1,605005.SH,20250613,week,20.0,20.15,18.4,18.41,20.52,19.78,19.92,18.19,18.2,20.8,20.96,19.14,19.15,592033.73,1140494.4,-2.11,-0.1
2,605005.SH,20250606,week,17.99,26.61,17.99,20.52,19.99,17.79,26.31,17.79,20.29,18.71,27.67,18.71,21.34,753969.13,1658893.16,0.53,0.03
3,605005.SH,20250530,week,16.12,21.45,15.92,19.99,16.11,15.94,21.21,15.74,19.77,16.76,22.31,16.56,20.79,422268.72,830389.86,3.88,0.24
4,605005.SH,20250523,week,16.5,16.66,15.8,16.11,16.42,16.31,16.47,15.62,15.93,17.16,17.33,16.43,16.75,47288.15,77194.4,-0.31,-0.02
5,605005.SH,20250516,week,16.5,16.69,16.12,16.42,16.33,16.31,16.5,15.94,16.24,17.16,17.36,16.76,17.08,52660.25,86249.99,0.09,0.01
6,605005.SH,20250509,week,15.95,16.54,15.88,16.33,15.97,15.77,16.35,15.7,16.15,16.59,17.2,16.52,16.98,50534.02,82024.73,0.36,0.02
7,605005.SH,20250502,week,15.94,16.1,15.41,15.97,15.81,15.76,15.92,15.24,15.79,16.58,16.74,16.03,16.61,33391.0,52502.9,0.16,0.01
8,605005.SH,20250425,week,14.8,15.92,14.61,15.81,14.84,14.63,15.74,14.45,15.63,15.39,16.56,15.19,16.44,70464.17,108643.02,0.97,0.07
9,605005.SH,20250418,week,14.96,15.37,14.6,14.84,14.86,14.79,15.2,14.44,14.67,15.56,15.98,15.18,15.43,75969.0,113894.4,-0.02,0.0
10,605005.SH,20250411,week,15.51,15.51,13.51,14.86,16.3,15.34,15.34,13.36,14.69,16.13,16.13,14.05,15.45,192923.8,282199.27,-1.44,-0.09
11,605005.SH,20250404,week,17.38,19.25,16.0,16.3,17.58,17.19,19.03,15.82,16.12,18.08,20.02,16.64,16.95,323404.91,572112.05,-1.28,-0.07
12,605005.SH,20250328,week,17.68,18.15,17.36,17.58,17.74,17.48,17.95,17.17,17.38,18.39,18.88,18.05,18.28,128826.47,228197.82,-0.16,-0.01
13,605005.SH,20250321,week,17.21,18.63,17.0,17.74,17.21,17.02,18.42,16.81,17.54,17.9,19.38,17.68,18.45,214033.94,382720.48,0.53,0.03
14,605005.SH,20250314,week,16.82,17.32,16.56,17.21,16.78,16.63,17.13,16.37,17.02,17.49,18.01,17.22,17.9,121412.76,205413.67,0.43,0.03
15,605005.SH,20250307,week,16.4,16.85,16.37,16.78,16.43,16.22,16.66,16.19,16.59,17.06,17.52,17.02,17.45,70419.76,117468.69,0.35,0.02
16,605005.SH,20250228,week,16.48,16.95,16.14,16.43,16.42,16.3,16.76,15.96,16.25,17.14,17.63,16.79,17.09,87876.34,145478.5,0.01,0.0
17,605005.SH,20250221,week,16.21,16.6,15.96,16.42,16.19,16.03,16.41,15.78,16.24,16.86,17.26,16.6,17.08,73792.08,120085.04,0.23,0.01
18,605005.SH,20250214,week,16.18,16.55,16.09,16.19,16.18,16.0,16.36,15.91,16.01,16.83,17.21,16.73,16.84,60055.76,97814.51,0.01,0.0
19,605005.SH,20250207,week,15.76,16.35,15.74,16.18,15.76,15.58,16.17,15.56,16.0,16.39,17.0,16.37,16.83,42637.0,68552.26,0.42,0.03
20,605005.SH,20250131,week,15.98,16.02,15.74,15.76,15.9,15.8,15.84,15.56,15.58,16.62,16.66,16.37,16.39,8646.0,13707.19,-0.14,-0.01
21,605005.SH,20250124,week,15.98,16.15,15.7,15.9,15.9,15.8,15.97,15.52,15.72,16.62,16.8,16.33,16.54,39934.08,63703.48,0.0,0.0
22,605005.SH,20250117,week,15.6,16.08,15.35,15.9,15.58,15.42,15.9,15.18,15.72,16.22,16.72,15.96,16.54,56804.16,89554.99,0.32,0.02
23,605005.SH,20250110,week,15.53,15.87,15.24,15.58,15.53,15.36,15.69,15.07,15.41,16.15,16.5,15.85,16.2,54643.08,84922.56,0.05,0.0
24,605005.SH,20250103,week,16.62,16.84,15.46,15.53,16.77,16.43,16.65,15.29,15.36,17.28,17.51,16.08,16.15,78528.42,126935.43,-1.24,-0.07
25,605005.SH,20241227,week,16.7,17.2,16.06,16.77,16.54,16.51,17.01,15.88,16.58,17.37,17.89,16.7,17.44,107896.69,179221.09,0.23,0.01
26,605005.SH,20241220,week,16.56,16.96,16.15,16.54,16.65,16.37,16.77,15.97,16.35,17.22,17.64,16.8,17.2,79911.1,132938.71,-0.11,-0.01
27,605005.SH,20241213,week,16.7,17.17,16.53,16.65,16.76,16.51,16.98,16.34,16.46,17.37,17.86,17.19,17.32,78934.58,132623.46,-0.11,-0.01
28,605005.SH,20241206,week,16.43,17.25,16.3,16.76,16.42,16.25,17.06,16.12,16.57,17.09,17.94,16.95,17.43,75778.09,125706.75,0.34,0.02
29,605005.SH,20241129,week,16.11,16.55,15.91,16.42,16.06,15.93,16.36,15.73,16.24,16.75,17.21,16.55,17.08,58832.0,96079.32,0.36,0.02
30,605005.SH,20241122,week,16.41,16.68,16.05,16.06,16.39,16.23,16.49,15.87,15.88,17.07,17.35,16.69,16.7,68806.05,113161.05,-0.33,-0.02
31,605005.SH,20241115,week,17.09,17.27,16.36,16.39,17.12,16.9,17.08,16.18,16.21,17.77,17.96,17.01,17.05,101850.22,171812.24,-0.73,-0.04
32,605005.SH,20241108,week,16.75,17.99,16.75,17.12,17.08,16.56,17.79,16.56,16.93,17.42,18.71,17.42,17.8,227906.64,395296.87,0.04,0.0
33,605005.SH,20241101,week,16.46,17.5,16.28,17.08,16.45,16.28,17.3,16.1,16.89,17.12,18.2,16.93,17.76,171672.06,288579.43,0.63,0.04
34,605005.SH,20241025,week,16.1,16.58,15.95,16.45,16.07,15.92,16.39,15.77,16.27,16.74,17.24,16.59,17.11,87489.01,142430.3,0.38,0.02
35,605005.SH,20241018,week,16.12,16.46,15.68,16.07,16.12,15.94,16.28,15.5,15.89,16.76,17.12,16.31,16.71,70369.82,113138.22,-0.05,0.0
36,605005.SH,20241011,week,18.6,18.6,15.95,16.12,16.92,18.39,18.39,15.77,15.94,19.34,19.34,16.59,16.76,165289.39,281544.13,-0.8,-0.05
37,605005.SH,20241004,week,16.39,17.11,16.0,16.92,15.82,16.21,16.92,15.82,16.73,17.05,17.79,16.64,17.6,62955.15,104315.23,1.1,0.07
38,605005.SH,20240927,week,14.45,15.89,14.45,15.82,14.85,14.29,15.71,14.29,15.64,15.03,16.53,15.03,16.45,76630.88,116827.88,0.97,0.07
39,605005.SH,20240920,week,14.8,14.99,14.61,14.85,14.73,14.63,14.82,14.45,14.68,15.39,15.59,15.19,15.44,23091.0,34205.82,0.12,0.01
40,605005.SH,20240913,week,14.86,15.1,14.72,14.73,14.86,14.69,14.93,14.55,14.56,15.45,15.7,15.31,15.32,39733.57,59168.77,-0.13,-0.01
41,605005.SH,20240906,week,15.1,16.61,14.86,14.86,15.1,14.93,16.42,14.69,14.69,15.7,17.27,15.45,15.45,137387.39,212443.65,-0.24,-0.02
42,605005.SH,20240830,week,14.87,15.2,14.63,15.1,14.87,14.7,15.03,14.47,14.93,15.46,15.81,15.22,15.7,34839.0,52111.49,0.23,0.02
43,605005.SH,20240823,week,15.03,15.25,14.75,14.87,15.08,14.86,15.08,14.58,14.7,15.63,15.86,15.34,15.46,37476.3,55834.35,-0.21,-0.01
44,605005.SH,20240816,week,14.85,15.1,14.67,15.08,14.8,14.68,14.93,14.51,14.91,15.44,15.7,15.26,15.68,31187.34,46462.09,0.28,0.02
45,605005.SH,20240809,week,15.01,15.2,14.63,14.8,15.06,14.84,15.03,14.47,14.63,15.61,15.81,15.22,15.39,44472.0,66077.27,-0.26,-0.02
46,605005.SH,20240802,week,15.22,15.5,14.99,15.06,15.13,15.05,15.33,14.82,14.89,15.83,16.12,15.59,15.66,53635.72,81721.58,-0.07,0.0
47,605005.SH,20240726,week,15.1,15.25,14.61,15.13,15.09,14.93,15.08,14.45,14.96,15.7,15.86,15.19,15.74,51667.76,77279.1,0.04,0.0
48,605005.SH,20240719,week,15.84,16.0,15.0,15.09,15.95,15.66,15.82,14.83,14.92,16.47,16.64,15.6,15.69,58231.0,89594.5,-0.86,-0.05
49,605005.SH,20240712,week,14.93,16.05,14.83,15.95,15.08,14.76,15.87,14.66,15.77,15.53,16.69,15.42,16.59,105847.26,164218.57,0.87,0.06
50,605005.SH,20240705,week,15.3,15.97,14.66,15.08,15.96,15.13,15.79,14.5,14.91,15.91,16.61,15.25,15.68,196454.2,300573.43,-0.88,-0.06
51,605005.SH,20240628,week,15.67,16.86,15.13,15.96,15.96,15.49,16.67,14.96,15.78,16.29,17.53,15.73,16.6,268674.46,434531.93,0.0,0.0
52,605005.SH,20240621,week,16.1,16.68,15.6,15.96,16.04,15.92,16.49,15.42,15.78,16.74,17.34,16.22,16.6,68865.14,111143.25,-0.08,0.0
53,605005.SH,20240614,week,16.2,16.38,15.56,16.24,15.9,15.82,15.99,15.19,15.86,16.64,16.82,15.98,16.68,31922.35,51376.01,0.34,0.02
54,605005.SH,20240607,week,17.26,17.28,15.78,15.9,17.09,16.85,16.87,15.41,15.53,17.73,17.75,16.21,16.33,77984.34,127415.36,-1.19,-0.07
55,605005.SH,20240531,week,16.34,17.11,16.12,17.09,16.59,15.95,16.71,15.74,16.69,16.78,17.57,16.56,17.55,74302.0,123635.65,0.5,0.03
56,605005.SH,20240524,week,16.88,17.2,16.46,16.59,16.93,16.48,16.79,16.07,16.2,17.34,17.66,16.9,17.04,59218.91,99370.57,-0.34,-0.02
57,605005.SH,20240517,week,17.18,17.33,16.6,16.93,17.0,16.77,16.92,16.21,16.53,17.64,17.8,17.05,17.39,60903.55,102964.02,-0.07,0.0
58,605005.SH,20240510,week,17.2,17.6,17.0,17.0,17.12,16.79,17.19,16.6,16.6,17.66,18.08,17.46,17.46,83494.91,145034.31,-0.12,-0.01
59,605005.SH,20240503,week,16.95,17.5,16.89,17.12,16.73,16.55,17.09,16.49,16.72,17.41,17.97,17.35,17.58,44369.0,76010.96,0.39,0.02
60,605005.SH,20240426,week,15.71,17.09,15.32,16.73,15.71,15.34,16.69,14.96,16.34,16.13,17.55,15.73,17.18,95727.34,157106.58,1.02,0.06
61,605005.SH,20240419,week,15.93,16.15,14.44,15.71,15.93,15.55,15.77,14.1,15.34,16.36,16.59,14.83,16.13,104355.91,159704.57,-0.22,-0.01
62,605005.SH,20240412,week,16.54,17.16,15.81,15.93,16.54,16.15,16.76,15.44,15.55,16.99,17.62,16.24,16.36,108508.36,177535.13,-0.61,-0.04
63,605005.SH,20240405,week,16.91,17.33,16.3,16.54,16.89,16.51,16.92,15.92,16.15,17.37,17.8,16.74,16.99,92105.36,155637.87,-0.35,-0.02
64,605005.SH,20240329,week,17.71,18.5,16.38,16.89,18.23,17.29,18.06,15.99,16.49,18.19,19.0,16.82,17.35,329057.11,570644.73,-1.34,-0.07
65,605005.SH,20240322,week,15.92,18.93,15.92,18.23,15.95,15.54,18.48,15.54,17.8,16.35,19.44,16.35,18.72,369326.07,649785.5,2.28,0.14
66,605005.SH,20240315,week,15.19,15.95,15.01,15.95,15.14,14.83,15.57,14.66,15.57,15.6,16.38,15.42,16.38,80176.23,125335.51,0.81,0.05
67,605005.SH,20240308,week,15.28,15.47,14.93,15.14,15.28,14.92,15.11,14.58,14.78,15.69,15.89,15.33,15.55,65619.77,99461.19,-0.14,-0.01
68,605005.SH,20240301,week,15.1,16.02,14.37,15.28,14.89,14.74,15.64,14.03,14.92,15.51,16.45,14.76,15.69,123449.27,188222.49,0.39,0.03
69,605005.SH,20240223,week,13.42,14.91,13.42,14.89,13.35,13.1,14.56,13.1,14.54,13.78,15.31,13.78,15.29,102800.6,145766.83,1.54,0.12
70,605005.SH,20240209,week,13.4,13.42,11.3,13.35,13.61,13.08,13.1,11.03,13.04,13.76,13.78,11.61,13.71,147602.48,186805.71,-0.26,-0.02
71,605005.SH,20240202,week,15.4,15.56,13.1,13.61,15.44,15.04,15.19,12.79,13.29,15.82,15.98,13.45,13.98,106503.88,152283.65,-1.83,-0.12
72,605005.SH,20240126,week,15.78,15.91,14.69,15.44,15.91,15.41,15.53,14.34,15.08,16.21,16.34,15.09,15.86,92952.31,142459.89,-0.47,-0.03
73,605005.SH,20240119,week,16.76,16.88,15.63,15.91,16.7,16.36,16.48,15.26,15.53,17.21,17.34,16.05,16.34,84325.91,136335.77,-0.79,-0.05
74,605005.SH,20240112,week,16.81,16.98,16.32,16.7,16.77,16.41,16.58,15.94,16.31,17.26,17.44,16.76,17.15,80076.1,133686.54,-0.07,0.0
75,605005.SH,20240105,week,17.52,17.65,16.7,16.77,17.54,17.11,17.23,16.31,16.37,17.99,18.13,17.15,17.22,91875.5,157754.71,-0.77,-0.04
76,605005.SH,20231229,week,17.18,17.66,17.0,17.54,17.18,16.77,17.24,16.6,17.13,17.64,18.14,17.46,18.01,111402.0,193199.16,0.36,0.02
77,605005.SH,20231222,week,17.64,17.84,16.98,17.18,17.76,17.22,17.42,16.58,16.77,18.12,18.32,17.44,17.64,125008.09,217881.7,-0.58,-0.03
78,605005.SH,20231215,week,17.63,18.43,17.57,17.76,17.76,17.21,18.0,17.16,17.34,18.11,18.93,18.04,18.24,209496.88,376618.01,0.0,0.0
79,605005.SH,20231208,week,19.56,20.14,17.69,17.76,19.61,19.1,19.67,17.27,17.34,20.09,20.68,18.17,18.24,426196.07,811046.4,-1.85,-0.09
80,605005.SH,20231201,week,18.5,24.59,18.5,19.61,18.47,18.06,24.01,18.06,19.15,19.0,25.25,19.0,20.14,861466.5,1856904.22,1.14,0.06
81,605005.SH,20231124,week,19.04,19.37,18.1,18.47,19.04,18.59,18.91,17.67,18.03,19.55,19.89,18.59,18.97,229791.59,432509.35,-0.57,-0.03
82,605005.SH,20231117,week,18.28,19.28,18.22,19.04,18.79,17.85,18.83,17.79,18.59,18.77,19.8,18.71,19.55,277888.45,524220.1,0.25,0.01
83,605005.SH,20231110,week,18.76,19.99,17.91,18.79,18.83,18.32,19.52,17.49,18.35,19.27,20.53,18.39,19.3,393375.68,743209.85,-0.04,0.0
84,605005.SH,20231103,week,18.4,19.61,17.61,18.83,18.41,17.97,19.15,17.19,18.39,18.9,20.14,18.09,19.34,428914.87,795863.81,0.42,0.02
85,605005.SH,20231027,week,16.7,19.58,16.47,18.41,17.05,16.31,19.12,16.08,17.98,17.15,20.11,16.91,18.91,144294.7,260827.11,1.36,0.08
86,605005.SH,20231020,week,17.54,17.78,16.99,17.05,17.55,17.13,17.36,16.59,16.65,18.01,18.26,17.45,17.51,72219.79,125737.71,-0.5,-0.03
87,605005.SH,20231013,week,17.4,17.75,17.24,17.55,17.16,16.99,17.33,16.83,17.14,17.87,18.23,17.71,18.02,88908.75,155506.09,0.39,0.02
88,605005.SH,20230929,week,16.84,17.38,16.64,17.16,16.84,16.44,16.97,16.25,16.76,17.29,17.85,17.09,17.62,41846.7,70990.76,0.32,0.02
89,605005.SH,20230922,week,16.57,17.53,16.31,16.84,16.57,16.18,17.12,15.93,16.44,17.02,18.0,16.75,17.29,65270.7,110580.75,0.27,0.02
90,605005.SH,20230915,week,17.16,18.0,16.55,16.57,17.01,16.76,17.58,16.16,16.18,17.62,18.49,17.0,17.02,109589.7,188905.07,-0.44,-0.03
91,605005.SH,20230908,week,17.1,17.24,16.68,17.01,17.06,16.7,16.83,16.29,16.61,17.56,17.71,17.13,17.47,54230.34,92157.23,-0.05,0.0
92,605005.SH,20230901,week,16.39,17.18,15.72,17.06,15.68,16.0,16.77,15.35,16.66,16.83,17.64,16.14,17.52,95560.47,159597.98,1.38,0.09
93,605005.SH,20230825,week,16.4,16.74,15.66,15.68,16.4,16.01,16.35,15.29,15.31,16.84,17.19,16.08,16.1,50729.0,82046.87,-0.72,-0.04
94,605005.SH,20230818,week,16.15,16.6,15.74,16.4,16.3,15.77,16.21,15.37,16.01,16.59,17.05,16.16,16.84,55309.29,89834.54,0.1,0.01
95,605005.SH,20230811,week,16.8,17.14,16.3,16.3,16.86,16.4,16.74,15.92,15.92,17.25,17.6,16.74,16.74,66344.0,110777.28,-0.56,-0.03
96,605005.SH,20230804,week,17.14,17.51,16.74,16.86,17.06,16.74,17.1,16.35,16.46,17.6,17.98,17.19,17.32,104041.95,176981.66,-0.2,-0.01
97,605005.SH,20230728,week,17.11,17.5,16.49,17.06,17.16,16.71,17.09,16.1,16.66,17.57,17.97,16.94,17.52,132788.07,225778.83,-0.1,-0.01
98,605005.SH,20230721,week,18.6,18.6,17.0,17.16,18.6,18.16,18.16,16.6,16.76,19.1,19.1,17.46,17.62,196936.15,351015.25,-1.44,-0.08
99,605005.SH,20230714,week,18.6,19.53,18.02,18.6,18.71,18.16,19.07,17.6,18.16,19.1,20.06,18.51,19.1,524556.64,987896.45,-0.11,-0.01
100,605005.SH,20230707,week,15.9,21.07,15.73,18.71,15.83,15.53,20.57,15.36,18.27,16.33,21.64,16.15,19.22,442493.44,850928.84,2.88,0.18
101,605005.SH,20230630,week,15.83,16.05,15.44,15.83,15.82,15.46,15.67,15.08,15.46,16.26,16.48,15.86,16.26,37916.0,59844.23,0.01,0.0
102,605005.SH,20230623,week,15.82,16.01,15.57,15.82,15.55,15.45,15.63,15.2,15.45,16.25,16.44,15.99,16.25,18950.47,29882.57,0.27,0.02
103,605005.SH,20230616,week,14.82,15.92,14.8,15.55,14.91,14.47,15.54,14.45,15.18,15.22,16.35,15.2,15.97,38098.53,59492.29,0.64,0.04
104,605005.SH,20230609,week,15.48,15.64,14.75,14.91,15.43,15.12,15.27,14.4,14.56,15.9,16.06,15.15,15.31,18422.0,27785.35,-0.52,-0.03
105,605005.SH,20230602,week,15.72,15.9,15.14,15.43,15.64,15.21,15.38,14.78,15.07,16.0,16.18,15.55,15.85,23282.68,36026.19,-0.21,-0.01
106,605005.SH,20230526,week,15.21,16.15,15.03,15.64,15.12,14.72,15.63,14.54,15.13,15.48,16.44,15.3,15.92,44091.34,68317.88,0.52,0.03
107,605005.SH,20230519,week,14.82,15.39,14.65,15.12,14.75,14.34,14.89,14.18,14.63,15.08,15.66,14.91,15.39,21264.67,31950.4,0.37,0.03
108,605005.SH,20230512,week,14.75,15.11,14.5,14.75,14.75,14.27,14.62,14.03,14.27,15.01,15.38,14.76,15.01,22887.4,33875.23,0.0,0.0
109,605005.SH,20230505,week,14.32,15.06,14.32,14.75,15.07,13.86,14.57,13.86,14.27,14.57,15.33,14.57,15.01,13657.0,20179.67,-0.32,-0.02
110,605005.SH,20230428,week,14.73,15.71,14.73,15.07,15.25,14.25,15.2,14.25,14.58,14.99,15.99,14.99,15.34,35515.05,54119.49,-0.18,-0.01
111,605005.SH,20230421,week,15.82,15.96,15.02,15.25,15.8,15.31,15.44,14.53,14.76,16.1,16.24,15.29,15.52,26429.34,41393.0,-0.55,-0.03
112,605005.SH,20230414,week,15.76,15.9,15.61,15.8,15.85,15.25,15.38,15.1,15.29,16.04,16.18,15.89,16.08,29725.0,46820.98,-0.05,0.0
113,605005.SH,20230407,week,16.01,16.16,15.71,15.85,16.09,15.49,15.64,15.2,15.34,16.29,16.45,15.99,16.13,34372.47,54692.36,-0.24,-0.01
114,605005.SH,20230331,week,16.43,16.49,15.7,16.09,16.4,15.9,15.96,15.19,15.57,16.72,16.78,15.98,16.37,40739.34,65513.98,-0.31,-0.02
115,605005.SH,20230324,week,16.41,17.06,16.25,16.4,16.42,15.88,16.51,15.72,15.87,16.7,17.36,16.54,16.69,76282.99,126657.59,-0.02,0.0
116,605005.SH,20230317,week,16.59,17.7,16.19,16.42,16.59,16.05,17.13,15.67,15.89,16.88,18.01,16.48,16.71,90255.56,151563.66,-0.17,-0.01
117,605005.SH,20230310,week,17.07,17.14,16.25,16.59,17.04,16.52,16.58,15.72,16.05,17.37,17.44,16.54,16.88,55252.73,92049.21,-0.45,-0.03
118,605005.SH,20230303,week,17.2,17.29,16.73,17.04,17.16,16.64,16.73,16.19,16.49,17.5,17.6,17.03,17.34,62475.0,106179.18,-0.12,-0.01
119,605005.SH,20230224,week,17.44,17.7,17.01,17.16,17.42,16.87,17.13,16.46,16.6,17.75,18.01,17.31,17.46,108963.34,189310.42,-0.26,-0.01
120,605005.SH,20230217,week,16.98,17.78,16.92,17.42,17.07,16.43,17.2,16.37,16.86,17.28,18.09,17.22,17.73,80877.78,140577.58,0.35,0.02
121,605005.SH,20230210,week,16.43,17.5,16.33,17.07,16.43,15.9,16.93,15.8,16.52,16.72,17.81,16.62,17.37,80010.17,136064.68,0.64,0.04
122,605005.SH,20230203,week,16.34,16.65,16.13,16.43,15.97,15.81,16.11,15.61,15.9,16.63,16.94,16.42,16.72,28204.6,46332.29,0.46,0.03
123,605005.SH,20230120,week,15.87,16.24,15.63,15.97,15.68,15.36,15.71,15.12,15.45,16.15,16.53,15.91,16.25,15899.1,25276.83,0.29,0.02
124,605005.SH,20230113,week,15.65,15.96,15.51,15.68,15.6,15.14,15.44,15.01,15.17,15.93,16.24,15.78,15.96,18505.36,29205.17,0.08,0.01
125,605005.SH,20230106,week,15.39,15.77,15.02,15.6,15.18,14.89,15.26,14.53,15.09,15.66,16.05,15.29,15.88,14339.12,22203.21,0.42,0.03
126,605005.SH,20221230,week,14.97,15.66,14.97,15.18,15.07,14.48,15.15,14.48,14.69,15.23,15.94,15.23,15.45,16950.51,25856.71,0.11,0.01
127,605005.SH,20221223,week,16.5,16.5,15.0,15.07,16.47,15.97,15.97,14.51,14.58,16.79,16.79,15.27,15.34,41268.15,64985.84,-1.4,-0.09
128,605005.SH,20221216,week,16.37,16.54,16.05,16.47,16.37,15.84,16.0,15.53,15.94,16.66,16.83,16.33,16.76,26937.16,43940.78,0.1,0.01
129,605005.SH,20221209,week,16.51,16.8,16.3,16.37,16.53,15.97,16.26,15.77,15.84,16.8,17.1,16.59,16.66,30642.95,50646.41,-0.16,-0.01
130,605005.SH,20221202,week,16.98,17.06,16.14,16.53,17.09,16.43,16.51,15.62,15.99,17.28,17.36,16.43,16.82,66625.88,110424.78,-0.56,-0.03
131,605005.SH,20221125,week,16.92,18.51,16.71,17.09,16.83,16.37,17.91,16.17,16.54,17.22,18.84,17.01,17.39,112831.1,197491.36,0.26,0.02
132,605005.SH,20221118,week,17.04,17.22,16.43,16.83,17.18,16.49,16.66,15.9,16.28,17.34,17.52,16.72,17.13,99145.47,166479.02,-0.35,-0.02
133,605005.SH,20221111,week,16.4,18.7,15.78,17.18,16.09,15.87,18.09,15.27,16.62,16.69,19.03,16.06,17.48,102473.35,178228.87,1.09,0.07
134,605005.SH,20221104,week,15.11,16.19,14.91,16.09,15.1,14.62,15.67,14.43,15.57,15.38,16.48,15.17,16.37,28072.72,44094.42,0.99,0.07
135,605005.SH,20221028,week,16.1,16.24,15.0,15.1,15.92,15.58,15.71,14.51,14.61,16.38,16.53,15.27,15.37,34735.23,54324.71,-0.82,-0.05
136,605005.SH,20221021,week,16.29,16.64,15.62,15.92,16.31,15.76,16.1,15.11,15.4,16.58,16.93,15.9,16.2,17354.41,28114.18,-0.39,-0.02
137,605005.SH,20221014,week,15.83,16.4,15.36,16.31,15.78,15.32,15.87,14.86,15.78,16.11,16.69,15.63,16.6,15132.92,24039.43,0.53,0.03
138,605005.SH,20220930,week,16.16,16.47,15.65,15.78,16.16,15.64,15.94,15.14,15.27,16.45,16.76,15.93,16.06,21331.27,34130.31,-0.38,-0.02
139,605005.SH,20220923,week,16.36,17.09,16.06,16.16,16.41,15.83,16.54,15.54,15.64,16.65,17.39,16.34,16.45,23344.61,38571.6,-0.25,-0.02
140,605005.SH,20220916,week,17.12,17.38,16.31,16.41,17.12,16.56,16.82,15.78,15.88,17.42,17.69,16.6,16.7,27706.03,46697.83,-0.71,-0.04
141,605005.SH,20220909,week,17.14,18.1,16.99,17.12,17.15,16.58,17.51,16.44,16.56,17.44,18.42,17.29,17.42,33278.0,57873.11,-0.03,0.0
142,605005.SH,20220902,week,17.38,17.53,16.56,17.15,17.47,16.82,16.96,16.02,16.59,17.69,17.84,16.85,17.45,35220.0,60105.4,-0.32,-0.02
143,605005.SH,20220826,week,18.4,18.89,17.21,17.47,18.59,17.8,18.28,16.65,16.9,18.73,19.22,17.51,17.78,81196.97,146538.37,-1.12,-0.06
144,605005.SH,20220819,week,19.1,19.89,18.45,18.59,18.88,18.48,19.25,17.85,17.99,19.44,20.24,18.78,18.92,145255.05,276722.9,-0.29,-0.02
145,605005.SH,20220812,week,19.45,20.36,18.82,18.88,19.43,18.82,19.7,18.21,18.27,19.79,20.72,19.15,19.21,160523.11,313454.28,-0.55,-0.03
146,605005.SH,20220805,week,21.13,21.13,18.89,19.43,20.09,20.44,20.44,18.28,18.8,21.5,21.5,19.22,19.77,302387.74,599766.49,-0.66,-0.03
147,605005.SH,20220729,week,17.82,20.09,16.85,20.09,17.61,17.24,19.44,16.3,19.44,18.14,20.45,17.15,20.45,84970.62,160594.66,2.48,0.14
148,605005.SH,20220722,week,16.91,18.29,16.91,17.61,16.95,16.36,17.7,16.36,17.04,17.21,18.61,17.21,17.92,55558.38,98056.89,0.66,0.04
149,605005.SH,20220715,week,16.77,17.24,15.96,16.95,16.97,16.23,16.68,15.44,16.4,17.07,17.55,16.24,17.25,41323.98,68883.01,-0.02,0.0
150,605005.SH,20220708,week,17.12,17.74,16.67,16.97,17.15,16.56,17.16,16.13,16.42,17.42,18.05,16.97,17.27,51344.97,87713.8,-0.18,-0.01
151,605005.SH,20220701,week,18.9,19.6,16.87,17.15,18.91,18.29,18.96,16.32,16.59,19.23,19.95,17.17,17.45,117007.78,213559.34,-1.76,-0.09
152,605005.SH,20220624,week,17.59,19.52,17.27,18.91,17.6,17.02,18.89,16.71,18.3,17.9,19.87,17.58,19.24,146654.17,272404.5,1.31,0.07
153,605005.SH,20220617,week,17.94,18.2,16.89,17.6,17.44,17.36,17.61,16.34,17.03,18.26,18.52,17.19,17.91,80021.97,140158.11,0.16,0.01
154,605005.SH,20220610,week,17.57,18.07,16.88,17.59,17.79,16.86,17.33,16.19,16.87,17.73,18.23,17.03,17.75,79072.12,139101.82,-0.2,-0.01
155,605005.SH,20220603,week,16.36,18.26,16.25,17.79,16.36,15.69,17.52,15.59,17.07,16.51,18.42,16.4,17.95,105313.85,184292.9,1.43,0.09
156,605005.SH,20220527,week,16.61,17.45,16.19,16.36,16.56,15.93,16.74,15.53,15.69,16.76,17.61,16.34,16.51,49811.56,82839.36,-0.2,-0.01
157,605005.SH,20220520,week,15.57,17.5,15.57,16.56,15.55,14.94,16.79,14.94,15.89,15.71,17.66,15.71,16.71,58313.44,95445.19,1.01,0.06
158,605005.SH,20220513,week,14.72,15.67,14.36,15.55,14.77,14.12,15.03,13.78,14.92,14.85,15.81,14.49,15.69,38937.0,59145.21,0.78,0.05
159,605005.SH,20220506,week,14.54,15.16,14.4,14.77,14.53,13.95,14.54,13.81,14.17,14.67,15.3,14.53,14.9,13751.74,20397.57,0.24,0.02
160,605005.SH,20220429,week,15.64,15.64,13.01,14.53,15.61,15.0,15.0,12.48,13.94,15.78,15.78,13.13,14.66,55703.4,78630.49,-1.08,-0.07
161,605005.SH,20220422,week,16.75,17.2,15.54,15.61,16.55,16.07,16.5,14.91,14.97,16.9,17.35,15.68,15.75,53411.76,88642.75,-0.94,-0.06
162,605005.SH,20220415,week,16.8,16.95,15.92,16.55,16.98,16.12,16.26,15.27,15.88,16.95,17.1,16.06,16.7,45264.08,73748.31,-0.43,-0.03
163,605005.SH,20220408,week,17.6,17.8,16.78,16.98,17.6,16.88,17.08,16.1,16.29,17.76,17.96,16.93,17.13,24429.6,41950.28,-0.62,-0.04
164,605005.SH,20220401,week,17.99,18.29,17.42,17.6,18.02,17.26,17.55,16.71,16.88,18.15,18.45,17.58,17.76,39313.0,70073.24,-0.42,-0.02
165,605005.SH,20220325,week,17.88,18.86,17.66,18.02,17.82,17.15,18.09,16.94,17.29,18.04,19.03,17.82,18.18,64022.07,117784.97,0.2,0.01
166,605005.SH,20220318,week,18.88,18.88,16.95,17.82,18.9,18.11,18.11,16.26,17.09,19.05,19.05,17.1,17.98,69894.71,125080.56,-1.08,-0.06
167,605005.SH,20220311,week,19.77,19.8,17.69,18.9,19.6,18.97,18.99,16.97,18.13,19.95,19.98,17.85,19.07,60580.27,113380.69,-0.7,-0.04
168,605005.SH,20220304,week,20.67,21.2,19.54,19.6,20.59,19.83,20.34,18.74,18.8,20.86,21.39,19.72,19.78,59715.9,121075.99,-0.99,-0.05
169,605005.SH,20220225,week,20.5,21.07,19.9,20.59,20.5,19.67,20.21,19.09,19.75,20.68,21.26,20.08,20.78,68563.34,140617.97,0.09,0.0
170,605005.SH,20220218,week,19.4,20.96,19.01,20.5,19.47,18.61,20.11,18.24,19.67,19.57,21.15,19.18,20.68,62199.24,125548.44,1.03,0.05
171,605005.SH,20220211,week,22.39,22.75,19.46,19.47,21.96,21.48,21.82,18.67,18.68,22.59,22.95,19.64,19.65,97757.6,202790.31,-2.49,-0.11
172,605005.SH,20220128,week,22.8,24.41,21.22,21.96,22.6,21.87,23.42,20.36,21.07,23.01,24.63,21.41,22.16,98242.6,221769.37,-0.64,-0.03
173,605005.SH,20220121,week,24.49,25.57,21.88,22.6,24.47,23.49,24.53,20.99,21.68,24.71,25.8,22.08,22.8,149777.07,352747.33,-1.87,-0.08
174,605005.SH,20220114,week,21.75,24.77,21.64,24.47,22.14,20.86,23.76,20.76,23.47,21.95,24.99,21.83,24.69,111167.16,260979.97,2.33,0.11
175,605005.SH,20220107,week,23.8,24.6,22.09,22.14,23.79,22.83,23.6,21.19,21.24,24.01,24.82,22.29,22.34,108885.01,251064.09,-1.65,-0.07
176,605005.SH,20211231,week,24.82,24.83,23.49,23.79,24.7,23.81,23.82,22.53,22.82,25.04,25.05,23.7,24.0,118153.8,283443.57,-0.91,-0.04
177,605005.SH,20211224,week,23.16,25.68,22.38,24.7,23.0,22.22,24.64,21.47,23.69,23.37,25.91,22.58,24.92,228299.18,556771.65,1.7,0.07
178,605005.SH,20211217,week,24.47,24.88,22.98,23.0,24.59,23.47,23.87,22.04,22.06,24.69,25.1,23.19,23.21,161486.94,386682.5,-1.59,-0.06
179,605005.SH,20211210,week,27.06,27.54,22.88,24.59,27.11,25.96,26.42,21.95,23.59,27.3,27.79,23.09,24.81,270751.25,666669.21,-2.52,-0.09
180,605005.SH,20211203,week,26.06,29.26,25.78,27.11,25.99,25.0,28.07,24.73,26.01,26.29,29.52,26.01,27.35,360697.92,995799.22,1.12,0.04
181,605005.SH,20211126,week,26.52,27.88,25.2,25.99,26.45,25.44,26.75,24.17,24.93,26.76,28.13,25.43,26.22,312250.88,831040.82,-0.46,-0.02
182,605005.SH,20211119,week,27.31,28.66,25.2,26.45,25.86,26.2,27.49,24.17,25.37,27.56,28.92,25.43,26.69,482659.11,1292509.43,0.59,0.02
183,605005.SH,20211112,week,22.18,25.86,21.54,25.86,22.16,21.28,24.81,20.66,24.81,22.38,26.09,21.73,26.09,435809.9,1014706.69,3.7,0.17
184,605005.SH,20211105,week,18.49,23.99,18.01,22.16,18.57,17.74,23.01,17.28,21.26,18.66,24.21,18.17,22.36,485969.13,1073792.72,3.59,0.19
185,605005.SH,20211029,week,19.51,20.98,17.9,18.57,19.51,18.72,20.13,17.17,17.81,19.69,21.17,18.06,18.74,155614.67,304668.32,-0.94,-0.05
186,605005.SH,20211022,week,19.54,20.75,19.46,19.51,19.85,18.74,19.91,18.67,18.72,19.72,20.94,19.64,19.69,151378.22,304059.1,-0.34,-0.02
187,605005.SH,20211015,week,18.07,20.5,17.67,19.85,18.09,17.33,19.67,16.95,19.04,18.23,20.68,17.83,20.03,152349.65,294193.88,1.76,0.1
188,605005.SH,20211008,week,17.88,18.16,17.6,18.09,17.59,17.15,17.42,16.88,17.35,18.04,18.32,17.76,18.25,14293.82,25722.98,0.5,0.03
189,605005.SH,20211001,week,17.38,17.85,17.12,17.59,17.62,16.67,17.12,16.42,16.87,17.54,18.01,17.27,17.75,47039.93,81929.75,-0.03,0.0
190,605005.SH,20210924,week,17.83,18.31,17.53,17.62,18.01,17.1,17.56,16.82,16.9,17.99,18.47,17.69,17.78,51140.13,91584.69,-0.39,-0.02
191,605005.SH,20210917,week,19.09,20.05,17.89,18.01,19.0,18.31,19.23,17.16,17.28,19.26,20.23,18.05,18.17,167599.09,320258.73,-0.99,-0.05
192,605005.SH,20210910,week,19.8,20.36,18.6,19.0,19.79,18.99,19.53,17.84,18.23,19.98,20.54,18.77,19.17,207100.42,405062.16,-0.79,-0.04
193,605005.SH,20210903,week,22.88,23.01,19.11,19.79,23.41,21.95,22.07,18.33,18.98,23.09,23.22,19.28,19.97,363549.86,757979.6,-3.62,-0.15
194,605005.SH,20210827,week,20.79,23.41,19.1,23.41,18.9,19.94,22.46,18.32,22.46,20.98,23.62,19.27,23.62,395898.83,831305.53,4.51,0.24
195,605005.SH,20210820,week,18.26,19.82,16.78,18.9,18.12,17.52,19.01,16.1,18.13,18.42,20.0,16.93,19.07,376004.03,681778.0,0.78,0.04
196,605005.SH,20210813,week,17.0,18.83,16.36,18.12,17.03,16.31,18.06,15.69,17.38,17.15,19.0,16.51,18.28,240910.5,418849.61,1.09,0.06
197,605005.SH,20210806,week,15.95,17.8,15.86,17.03,16.01,15.3,17.08,15.21,16.34,16.09,17.96,16.0,17.18,194092.77,329645.19,1.02,0.06
198,605005.SH,20210730,week,17.3,17.57,15.75,16.01,17.31,16.6,16.86,15.11,15.36,17.46,17.73,15.89,16.15,189784.63,317391.62,-1.3,-0.08
199,605005.SH,20210723,week,15.59,18.35,15.29,17.31,15.58,14.96,17.6,14.67,16.61,15.73,18.52,15.43,17.47,364500.55,628890.08,1.73,0.11
200,605005.SH,20210716,week,15.6,16.03,15.05,15.58,15.47,14.97,15.38,14.44,14.95,15.74,16.17,15.19,15.72,90151.23,138923.52,0.11,0.01
201,605005.SH,20210709,week,15.98,16.58,15.15,15.47,16.02,15.33,15.91,14.53,14.84,16.12,16.73,15.29,15.61,97628.46,155877.76,-0.55,-0.03
202,605005.SH,20210702,week,16.21,16.55,15.86,16.02,16.21,15.55,15.88,15.21,15.37,16.36,16.7,16.0,16.16,65643.17,106139.99,-0.19,-0.01
203,605005.SH,20210625,week,16.18,17.32,16.08,16.21,16.23,15.52,16.62,15.43,15.55,16.33,17.48,16.22,16.36,96884.83,161504.89,-0.02,0.0
204,605005.SH,20210618,week,16.57,16.78,15.51,16.23,16.55,15.9,16.1,14.88,15.57,16.72,16.93,15.65,16.38,89882.57,145552.36,-0.32,-0.02
205,605005.SH,20210611,week,16.85,17.39,16.51,16.55,17.02,16.16,16.68,15.84,15.88,17.0,17.55,16.66,16.7,87896.17,148365.04,-0.47,-0.03
206,605005.SH,20210604,week,17.72,18.18,16.74,17.02,17.65,16.85,17.28,16.06,16.33,17.72,18.18,16.89,17.17,118462.28,208188.16,-0.63,-0.04
207,605005.SH,20210528,week,17.26,17.85,16.49,17.65,17.36,16.41,16.97,15.68,16.78,17.26,17.85,16.49,17.65,161437.16,277689.44,0.29,0.02
208,605005.SH,20210521,week,18.74,18.83,17.1,17.36,18.76,17.82,17.9,16.26,16.51,18.74,18.83,17.1,17.36,198320.18,357044.07,-1.4,-0.07
209,605005.SH,20210514,week,18.81,19.99,17.99,18.76,18.71,17.88,19.01,17.1,17.84,18.81,19.99,17.99,18.76,297314.19,562437.58,0.05,0.0
210,605005.SH,20210507,week,19.11,19.5,18.66,18.71,19.2,18.17,18.54,17.74,17.79,19.11,19.5,18.66,18.71,94252.02,180076.16,-0.49,-0.03
211,605005.SH,20210430,week,19.89,21.48,18.0,19.2,20.55,18.91,20.42,17.11,18.25,19.89,21.48,18.0,19.2,478909.96,945324.62,-1.35,-0.07
212,605005.SH,20210423,week,18.79,23.75,18.79,20.55,18.38,17.86,22.58,17.86,19.54,18.79,23.75,18.79,20.55,803811.66,1725385.17,2.17,0.12
213,605005.SH,20210416,week,20.15,21.9,17.07,18.38,20.15,19.16,20.82,16.23,17.47,20.15,21.9,17.07,18.38,548428.78,1058002.26,-1.77,-0.09
214,605005.SH,20210409,week,19.27,22.64,18.61,20.15,20.2,18.32,21.53,17.69,19.16,19.27,22.64,18.61,20.15,748268.52,1529559.79,-0.05,0.0
215,605005.SH,20210402,week,16.94,21.0,16.41,20.2,16.74,16.11,19.97,15.6,19.21,16.94,21.0,16.41,20.2,825995.17,1509241.01,3.46,0.21
216,605005.SH,20210326,week,20.08,23.6,16.04,16.74,19.5,19.09,22.44,15.25,15.92,20.08,23.6,16.04,16.74,937298.68,1793037.42,-2.76,-0.14
217,605005.SH,20210319,week,13.3,19.5,13.2,19.5,13.3,12.64,18.54,12.55,18.54,13.3,19.5,13.2,19.5,831922.22,1438799.77,6.2,0.47
218,605005.SH,20210312,week,13.31,14.05,12.99,13.3,13.2,12.65,13.36,12.35,12.64,13.31,14.05,12.99,13.3,233988.39,316443.49,0.1,0.01
219,605005.SH,20210305,week,13.42,13.6,12.91,13.2,13.33,12.76,12.93,12.27,12.55,13.42,13.6,12.91,13.2,160588.47,214144.06,-0.13,-0.01
220,605005.SH,20210226,week,14.65,15.19,13.2,13.33,14.85,13.93,14.44,12.55,12.67,14.65,15.19,13.2,13.33,380709.13,539731.05,-1.52,-0.1
221,605005.SH,20210219,week,13.82,15.3,13.6,14.85,13.62,13.14,14.55,12.93,14.12,13.82,15.3,13.6,14.85,196906.29,282544.18,1.23,0.09
222,605005.SH,20210212,week,16.0,16.05,13.62,13.62,16.4,15.21,15.26,12.95,12.95,16.0,16.05,13.62,13.62,347451.82,510346.45,-2.78,-0.17
223,605005.SH,20210205,week,14.53,20.49,14.51,16.4,16.12,13.81,19.48,13.8,15.59,14.53,20.49,14.51,16.4,1054620.96,1822475.13,0.28,0.02
224,605005.SH,20210129,week,13.45,17.91,13.45,16.12,12.23,12.79,17.03,12.79,15.33,13.45,17.91,13.45,16.12,52675.63,85793.56,3.89,0.32
225,605005.SH,20210122,week,7.66,12.23,7.66,12.23,6.38,7.28,11.63,7.28,11.63,7.66,12.23,7.66,12.23,8901.75,9758.11,5.85,0.92
